[Metrics]
multilinearregression_mse-score = 101.70833041719669
decisionregression_mse-score = 196.524042293709
svrregression_mse-score = 293579.39528109937
lstmregression_mse-score = 399296.9930881303
knnregression_mse-score = 101.75022034092726
forestregression_mse-score = 142.61388156678652

